# 7 8 9 10 11 12 13
31 100 0 0 0 0 0 0
32 100 0 0 0 0 0 0
33 100 0 0 0 0 0 0
34 95.5556 4.44444 0 0 0 0 0
35 100 0 0 0 0 0 0
36 90.2834 9.7166 0 0 0 0 0
37 96.5986 3.40136 0 0 0 0 0
38 94.1953 5.5409 0.263852 0 0 0 0
39 91.1518 8.5431 0.305111 0 0 0 0
40 90.0243 9.78102 0.194647 0 0 0 0
41 87.9439 11.8069 0.249221 0 0 0 0
42 84.5789 14.828 0.514037 0.0790826 0 0 0
43 81.6244 17.2879 1.08774 0 0 0 0
44 78.0285 20.2899 1.67054 0.0110632 0 0 0
45 72.8079 24.9288 2.2063 0.0569893 0 0 0
46 67.8162 28.7798 3.34634 0.0575853 0 0 0
47 61.4865 33.891 4.43479 0.187688 0 0 0
48 55.7523 37.1281 6.84302 0.276576 0 0 0
49 49.6253 40.146 9.67552 0.5493 0.00392357 0 0
50 42.5666 43.8002 12.5758 1.04681 0.0105738 0 0
51 36.1344 45.4598 16.7677 1.61228 0.0257965 0 0
52 29.5361 47.3561 20.6627 2.3953 0.0497192 0 0
53 23.6613 46.6978 25.8204 3.66848 0.152047 0 0
54 18.8001 44.165 30.9308 5.82028 0.262488 0.0214276 0
55 13.747 41.2619 35.9016 8.54925 0.532361 0.00786741 0
56 10.6262 37.0397 39.4322 12.0378 0.85632 0.00778473 0
57 7.29817 31.8442 43.3225 16.0723 1.4259 0.0342637 0.00263567
58 5.19797 25.6944 44.8409 21.7247 2.45647 0.08551 0
59 3.58917 20.8124 44.1301 27.3585 3.90266 0.207221 0
60 2.32177 16.5385 42.5195 32.4381 5.88774 0.294387 0
61 1.69271 12.3556 39.8862 37.1575 8.45505 0.438745 0.0141531
62 0.993102 9.1966 34.937 41.6657 12.4019 0.80578 0
63 0.631566 6.71308 29.0674 45.3187 16.926 1.31551 0.0277273
64 0.500699 4.81842 24.2124 46.6203 21.3903 2.37669 0.0812823
65 0.351716 3.40461 19.7067 45.4347 27.2615 3.7493 0.0914463
66 0.190563 2.24484 15.3708 43.7953 33.0056 5.27479 0.118149
67 0.202112 1.57152 11.6606 39.6882 38.6529 8.02673 0.197987
68 0.102991 1.02096 9.16622 35.6618 42.8891 10.729 0.429876
69 0.0550165 0.755227 6.3369 30.8593 47.1992 14.0792 0.715215
70 0.0436586 0.507531 4.66601 25.2401 48.7339 19.3899 1.4189
71 0.0549451 0.335775 3.35775 20 49.1575 25.0916 2.00244
72 0.0285225 0.213919 2.43155 16.3577 47.1763 30.8115 2.9806
73 0.0323729 0.145678 2.1528 11.9861 44.707 36.719 4.25704
74 0.0287081 0.15311 1.27273 8.90909 40.689 42.3636 6.58373
75 0.0110742 0.177187 0.930233 7.43079 36.0797 45.7586 9.6124
76 0 0.0756048 0.793851 5.60736 30.1663 50.8065 12.5504
77 0.0465261 0.0465261 0.806452 3.98573 26.1011 53.6756 15.3381
78 0 0.15163 0.473844 3.43063 21.6262 52.5588 21.7589
79 0.021925 0 0.197325 2.34598 19.1844 53.4313 24.8191
80 0.0280505 0.112202 0.168303 1.93548 14.8948 52.0337 30.8275
81 0 0.0343879 0.137552 1.06602 10.9354 49.1747 38.652
82 0.0426257 0 0.0852515 0.980392 9.97442 47.0588 41.8585
83 0 0 0.207792 0.987013 6.12987 44.6753 48
84 0 0.0655738 0.131148 0.52459 4.59016 39.0164 55.6721
85 0 0.0852515 0.0852515 0.59676 5.71185 35.1236 58.3973
86 0 0 0.225734 0.902935 4.74041 33.7472 60.3837
87 0 0 0.633914 0.316957 4.4374 26.149 68.4628
88 0 0 0.210526 0.842105 2.52632 21.4737 74.9474
89 0 0 0.613497 0.613497 2.45399 26.9939 69.3252
90 0 0 0 0.343643 4.811 18.2131 76.6323
91 0 0 0.552486 0.552486 2.76243 14.9171 81.2155
92 0 0 0 0 0.671141 20.8054 78.5235
93 0 0 0 0 3.65854 13.4146 82.9268
94 0 0 0 0 4.7619 4.7619 90.4762
95 0 0 0 0 2.43902 14.6341 82.9268
96 0 0 0 0 6.45161 22.5806 70.9677
97 0 0 0 0 0 33.3333 66.6667
98 0 0 0 0 20 20 60
99 0 0 0 0 0 18.1818 81.8182
100 0 0 0 0 16.6667 0 83.3333
101 0 0 0 0 0 80 20
103 0 0 0 0 0 0 100
104 0 0 0 0 0 0 100
107 0 0 0 0 0 0 100
113 0 0 0 0 0 0 100
