# 7 8 9 10 11 12 13
142 100 0 0 0 0 0 0
145 100 0 0 0 0 0 0
146 100 0 0 0 0 0 0
147 94 6 0 0 0 0 0
148 96.6581 3.3419 0 0 0 0 0
149 92.2843 7.61421 0.101523 0 0 0 0
150 90.7347 9.02041 0.244898 0 0 0 0
151 87.3851 12.4011 0.213812 0 0 0 0
152 83.4889 15.7046 0.806545 0 0 0 0
153 76.9225 21.7035 1.33193 0.042061 0 0 0
154 69.7798 26.958 3.15279 0.109373 0 0 0
155 59.761 34.8285 5.16107 0.249394 0 0 0
156 50.7946 39.6426 9.02938 0.527955 0.00541492 0 0
157 42.6401 42.3595 13.8552 1.12931 0.0159701 0 0
158 31.3945 45.8539 20.179 2.48549 0.0871408 0 0
159 23.5233 44.8517 27.0003 4.45612 0.168561 0 0
160 16.101 41.4199 33.5852 8.36176 0.530391 0.00170544 0
161 10.4083 34.799 40.004 13.7674 0.995986 0.0251936 0
162 5.80833 27.7398 42.9642 20.9876 2.43645 0.0635887 0
163 3.45567 20.6631 41.8332 28.829 5.05286 0.164391 0.00173043
164 1.79823 13.5322 39.2142 36.3843 8.62789 0.435936 0.00726559
165 0.994304 8.47958 32.7503 41.9365 14.7118 1.12366 0.00386138
166 0.376372 5.0413 25.2462 44.5206 22.4151 2.36278 0.0376372
167 0.230065 2.90072 17.9759 43.895 30.1931 4.72701 0.0782695
168 0.177465 1.51242 12.0967 39.3839 38.0357 8.5342 0.259575
169 0.124954 0.828965 7.26868 32.3296 45.0201 13.9034 0.524198
170 0.0292676 0.446331 4.33892 24.7604 48.2878 20.6739 1.46338
171 0.0175809 0.338432 2.83492 16.3458 46.9497 30.5819 2.93161
172 0.0221398 0.221398 1.84867 11.236 42.6634 38.9937 5.01467
173 0.0279193 0.0628185 0.984156 7.14734 35.6879 46.6043 9.48559
174 0.00906536 0.0906536 0.589248 4.77745 28.2114 50.9111 15.4111
175 0 0.0361272 0.529865 3.79335 21.9774 52.1556 21.5077
176 0 0.0350939 0.473767 2.10563 16.3713 51.1318 29.8824
177 0.0228467 0.114233 0.159927 2.01051 10.9664 47.2013 39.5248
178 0.0321647 0 0.225153 1.15793 8.6523 42.0392 47.8932
179 0 0.0483325 0.144998 0.821653 6.91155 39.4877 52.5858
180 0 0 0.217549 0.797679 5.00363 32.2698 61.7114
181 0 0 0 0.667408 3.11457 29.0323 67.1858
182 0 0 0.356506 0.356506 2.6738 26.3815 70.2317
183 0 0 0.641026 0.320513 7.69231 15.0641 76.2821
184 0 0 0 1.40845 2.8169 24.4131 71.3615
185 0 0 0 0.8 1.6 21.6 76
186 0 0 0 0 12.6214 13.5922 73.7864
187 0 0 0 0 4.54545 15.9091 79.5455
188 0 0 0 0 7.14286 21.4286 71.4286
189 0 0 0 0 5.88235 23.5294 70.5882
190 0 0 0 0 0 50 50
191 0 0 0 0 0 25 75
192 0 0 0 0 0 0 100
193 0 0 0 0 0 75 25
196 0 0 0 0 0 0 100
199 0 0 0 0 0 0 100
236 0 0 0 100 0 0 0
