# 7 8 9 10 11 12 13
68 100 0 0 0 0 0 0
72 100 0 0 0 0 0 0
73 100 0 0 0 0 0 0
74 100 0 0 0 0 0 0
75 100 0 0 0 0 0 0
76 93.75 6.25 0 0 0 0 0
77 98.7805 1.21951 0 0 0 0 0
78 98.6111 1.38889 0 0 0 0 0
79 98.5222 1.47783 0 0 0 0 0
80 92.3833 7.61671 0 0 0 0 0
81 93.1857 6.81431 0 0 0 0 0
82 91.1361 8.73908 0.124844 0 0 0 0
83 91.0686 8.61244 0.318979 0 0 0 0
84 90.8791 8.84615 0.274725 0 0 0 0
85 89.7029 10.1343 0.1628 0 0 0 0
86 84.761 14.8783 0.360685 0 0 0 0
87 85.7468 13.6384 0.523679 0.0910747 0 0 0
88 81.4585 17.6471 0.894393 0 0 0 0
89 78.537 20.0028 1.46016 0 0 0 0
90 74.9401 23.0172 2.03127 0.0114116 0 0 0
91 71.3315 26.1319 2.44089 0.0957213 0 0 0
92 66.7561 29.7805 3.39024 0.0731707 0 0 0
93 61.6379 33.7597 4.47024 0.132091 0 0 0
94 57.7685 36.0205 6.0322 0.178869 0 0 0
95 52.4601 39.4863 7.72782 0.320408 0.00543065 0 0
96 48.0977 41.2104 9.9701 0.716569 0.00515517 0 0
97 42.4912 43.9413 12.6938 0.873702 0 0 0
98 37.8336 45.9664 14.9488 1.22058 0.0306239 0 0
99 33.4922 46.406 18.1959 1.87335 0.0325799 0 0
100 27.536 47.7044 22.1223 2.52925 0.108121 0 0
101 23.2561 47.6153 25.3584 3.68843 0.0817176 0 0
102 19.6322 45.2159 29.7723 5.14788 0.231691 0 0
103 15.8164 43.827 33.2604 6.71492 0.356575 0.0247132 0
104 12.8288 40.4942 37.2667 8.93665 0.470164 0.00353507 0
105 9.86801 37.451 40.5341 11.3529 0.773355 0.0206228 0
106 7.11335 33.3718 43.5868 14.6503 1.26724 0.010502 0
107 5.79781 29.0765 44.8369 18.7257 1.53513 0.027975 0
108 4.44025 24.8584 45.2766 22.9809 2.339 0.101392 0.00349626
109 2.8985 21.0636 44.8601 27.2999 3.75905 0.11882 0
110 2.37488 17.1232 44.2813 31.0374 4.98288 0.200335 0
111 1.79518 13.7441 41.7172 35.6158 6.85502 0.268899 0.0037873
112 1.202 11.1887 38.581 39.104 9.4911 0.429285 0.00390259
113 0.905014 8.50553 35.7681 42.7158 11.3567 0.74083 0.00800897
114 0.598018 6.92226 31.9325 44.4704 14.9914 1.06906 0.016384
115 0.346465 5.44506 26.9473 46.5161 19.1967 1.53129 0.0171094
116 0.304595 3.92443 23.0963 47.5522 22.6681 2.40586 0.0485587
117 0.22723 3.13861 19.9773 46.0566 26.761 3.76823 0.0710093
118 0.270298 2.41228 16.1159 45.3029 31.3137 4.47776 0.107099
119 0.106185 1.58216 12.9334 42.6334 36.6923 5.87205 0.180515
120 0.205658 1.02829 11.0444 40.4925 39.1863 7.84281 0.2001
121 0.197972 0.887876 8.86676 36.049 43.4639 10.2166 0.317955
122 0.0518605 0.635291 6.80669 33.087 45.8641 13.0753 0.47971
123 0.0138427 0.408361 5.29485 28.9521 48.4635 16.0783 0.789037
124 0.0389105 0.311284 3.96887 24.0467 49.5564 20.7237 1.35409
125 0.0244798 0.285598 2.72542 20.3917 51.8074 23.1253 1.64015
126 0 0.257663 2.29231 17.681 48.0409 28.956 2.7721
127 0.0100361 0.13047 1.87676 13.4986 46.4271 34.444 3.61301
128 0.0222099 0.0666297 1.39922 11.0494 45.5192 37.8123 4.13104
129 0 0.114679 1.3634 8.6264 41.7049 41.9088 6.28186
130 0.0139198 0.0556793 0.904788 7.61414 39.1147 44.613 7.68374
131 0 0.0765697 0.643185 5.95712 33.3231 49.7397 10.2603
132 0.0359648 0.0359648 0.899119 5.26884 29.9047 50.9441 12.9113
133 0 0.119713 0.359138 3.85076 27.494 52.5738 15.6026
134 0.0227894 0 0.227894 2.91705 24.4303 54.5351 17.8669
135 0.0269397 0.134698 0.269397 2.45151 21.1476 52.5862 23.3836
136 0 0 0.0904977 2.4736 20.0905 53.5747 23.7707
137 0.0363636 0.0363636 0.181818 2 13.4182 54 30.3273
138 0 0.042123 0.084246 1.34794 11.8787 52.4853 34.1618
139 0 0 0.0495295 0.842001 10.3021 48.2417 40.5646
140 0 0.0540541 0.108108 1.02703 9.24324 46.973 42.5946
141 0 0 0.192926 1.02894 6.75241 47.2669 44.7588
142 0 0 0.0782473 0.547731 6.02504 39.8279 53.5211
143 0 0 0.281955 1.2218 4.04135 38.3459 56.109
144 0 0 0.226501 0.11325 3.73726 37.2593 58.6636
145 0 0 0.145773 0.437318 6.70554 33.2362 59.4752
146 0 0 0.153139 1.07198 4.2879 30.1685 64.3185
147 0 0 0.206186 0.206186 3.91753 28.866 66.8041
148 0 0 0.297619 0.595238 1.4881 22.9167 74.7024
149 0 0 0 0.361011 1.44404 24.9097 73.2852
150 0 0 0 0 2.29358 17.8899 79.8165
151 0 0 0 0 7.44681 20.7447 71.8085
152 0 0 0.571429 0 2.85714 18.2857 78.2857
153 0 0 0 0 0.909091 13.6364 85.4545
154 0 0 0 0 1.94175 18.4466 79.6117
155 0 0 0 0 0 11.2676 88.7324
156 0 0 0 0 2 14 84
157 0 0 0 0 9.09091 2.27273 88.6364
158 0 0 0 0 2.77778 25 72.2222
159 0 0 0 0 0 20 80
160 0 0 0 0 0 0 100
161 0 0 0 0 0 20 80
162 0 0 0 0 14.2857 14.2857 71.4286
163 0 0 0 0 0 0 100
164 0 0 0 0 0 12.5 87.5
166 0 0 0 0 0 100 0
167 0 0 0 0 0 0 100
168 0 0 0 0 0 0 100
170 0 0 0 0 0 0 100
171 0 0 0 0 0 0 100
177 0 0 0 0 0 0 100
185 0 0 0 0 0 0 100
