# 7 8 9 10 11 12 13
132 100 0 0 0 0 0 0
134 100 0 0 0 0 0 0
135 0 100 0 0 0 0 0
136 100 0 0 0 0 0 0
137 100 0 0 0 0 0 0
138 100 0 0 0 0 0 0
139 98.4127 1.5873 0 0 0 0 0
140 91.5094 8.49057 0 0 0 0 0
141 95.2607 4.73934 0 0 0 0 0
142 92.2794 7.35294 0.367647 0 0 0 0
143 93.6382 5.5666 0.795229 0 0 0 0
144 90.7855 8.76133 0.453172 0 0 0 0
145 90.8023 9.19765 0 0 0 0 0
146 87.8955 11.7607 0.343879 0 0 0 0
147 86.6501 13.201 0.148883 0 0 0 0
148 83.9429 15.2212 0.835946 0 0 0 0
149 83.5972 15.3387 0.908383 0.155723 0 0 0
150 81.1703 17.5744 1.17433 0.0809881 0 0 0
151 78.5028 19.9163 1.53441 0.0464972 0 0 0
152 74.2775 23.6173 2.09268 0.0124564 0 0 0
153 71.2563 25.6416 3.0506 0.0515305 0 0 0
154 66.4789 29.9736 3.40669 0.140845 0 0 0
155 62.2848 32.8057 4.7483 0.161208 0 0 0
156 58.362 34.8925 6.45921 0.286369 0 0 0
157 53.7257 37.7128 8.07765 0.478169 0.00569249 0 0
158 48.9239 40.0798 10.1938 0.792393 0.0102244 0 0
159 42.9377 43.1134 12.6867 1.25295 0.00924684 0 0
160 39.9079 43.5301 15.0736 1.46262 0.0258109 0 0
161 34.0744 45.7482 18.195 1.89012 0.092299 0 0
162 28.8894 45.8076 22.1968 3.03758 0.0686028 0 0
163 24.8613 45.6636 25.2204 4.1242 0.126954 0.00362726 0
164 20.9983 44.4357 29.0429 5.19039 0.319039 0.0137221 0
165 17.2737 42.9355 31.9578 7.41264 0.396865 0.0235429 0
166 13.8123 39.625 36.4841 9.3725 0.686118 0.019984 0
167 11.1673 36.8069 38.7456 12.2254 1.04474 0.00669703 0.00334851
168 8.78293 32.8953 41.1507 15.7011 1.43009 0.0398168 0
169 6.23245 27.9519 44.2316 19.1961 2.26905 0.118902 0
170 4.90279 25.671 42.7238 23.6284 2.95525 0.118753 0
171 3.47366 20.7436 43.6989 27.5281 4.35564 0.19675 0.00339225
172 2.6745 17.1154 42.3922 31.7084 5.84781 0.261789 0
173 2.24126 14.1435 40.1392 34.9679 8.07994 0.428266 0
174 1.28804 11.6799 36.9664 38.8309 10.3809 0.84653 0.00729767
175 0.930552 8.72964 33.2291 42.6261 13.5922 0.884787 0.00762747
176 0.801689 7.09788 29.7094 43.8348 16.9411 1.56427 0.0508388
177 0.456583 5.36383 26.2309 45.0578 20.5792 2.25001 0.0617005
178 0.412335 3.84261 22.1301 46.3087 24.2313 2.99162 0.0833443
179 0.347238 3.0429 18.3305 44.5607 29.1406 4.45013 0.12793
180 0.13768 2.39465 14.9186 42.6907 34.0562 5.61538 0.186852
181 0.0838706 1.35766 11.7104 40.4204 38.266 7.90481 0.256854
182 0.243916 1.25284 10.25 37.0142 40.8448 9.9174 0.476745
183 0.054605 0.770538 7.62043 33.6003 45.0552 12.2012 0.697731
184 0.111242 0.634734 5.56864 29.7867 46.8132 16.3002 0.785238
185 0.0351914 0.584178 4.88457 24.0991 49.7748 19.3905 1.2317
186 0.0311211 0.459037 3.70342 20.4466 48.7435 24.5312 2.08512
187 0.0169981 0.152983 2.63471 17.3721 48.6486 28.8033 2.37124
188 0.076621 0.20113 2.3561 13.6194 47.1028 32.8417 3.80232
189 0.0107677 0.161516 2.15355 11.1338 42.9956 38.4624 5.08237
190 0.0124673 0.249345 1.03478 9.36292 39.7207 43.3362 6.28351
191 0 0.080732 0.928418 6.94295 36.9887 46.394 8.66523
192 0.0154775 0.170252 0.742919 5.94335 32.5027 49.0481 11.5772
193 0.017319 0.0865951 0.554209 5.23034 29.0786 51.7492 13.2837
194 0 0.0602047 0.90307 3.69255 24.9849 52.2777 18.0815
195 0 0.0239006 0.286807 3.84799 22.2992 55.4015 18.1405
196 0.0276014 0 0.414022 3.06376 18.6034 54.4852 23.406
197 0 0.0314961 0.220472 1.76378 16 52.1575 29.8268
198 0 0.0793021 0.0396511 1.54639 13.4417 50.3569 34.5361
199 0 0 0.175055 1.26915 10.2407 49.2779 39.0372
200 0.0539374 0 0.21575 1.34844 8.46818 45.9008 44.0129
201 0 0.0615764 0.184729 0.431034 6.34236 42.4261 50.5542
202 0 0.0755287 0.151057 0.755287 5.81571 42.0695 51.1329
203 0 0 0.094518 0.756144 5.48204 36.2004 57.4669
204 0 0 0 0.550055 5.72057 35.3135 58.4158
205 0 0 0.296736 0.296736 4.00593 32.0475 63.3531
206 0 0 0.517241 0.344828 4.13793 28.1034 66.8966
207 0 0 0 1.40187 3.03738 32.243 63.3178
208 0 0 0.615385 0.615385 2.46154 22.7692 73.5385
209 0 0 0 0 3.0303 13.2576 83.7121
210 0 0 0.413223 0.413223 2.06612 21.9008 75.2066
211 0 0 0 0.584795 2.33918 17.5439 79.5322
212 0 0 0 0 7.87402 17.3228 74.8031
213 0 0 0 0 3.22581 15.0538 81.7204
214 0 0 0 0 5 15 80
215 0 0 0 0 7.69231 2.5641 89.7436
216 0 0 0 0 2.08333 22.9167 75
217 0 0 0 0 5.12821 20.5128 74.359
218 0 0 0 0 0 0 100
219 0 0 0 0 7.69231 0 92.3077
220 0 0 0 0 0 66.6667 33.3333
221 0 0 0 0 0 40 60
222 0 0 0 0 0 7.14286 92.8571
223 0 0 0 0 14.2857 57.1429 28.5714
224 0 0 0 0 0 0 100
226 0 0 0 0 0 0 100
227 0 0 0 0 0 0 100
228 0 0 0 100 0 0 0
230 0 0 0 0 0 0 100
236 0 0 0 0 0 0 100
