# 7 8 9 10 11 12 13
134 100 0 0 0 0 0 0
137 100 0 0 0 0 0 0
138 100 0 0 0 0 0 0
139 85.7143 14.2857 0 0 0 0 0
140 100 0 0 0 0 0 0
141 100 0 0 0 0 0 0
142 96.0317 3.96825 0 0 0 0 0
143 96.8326 3.16742 0 0 0 0 0
144 95.9064 3.80117 0.292398 0 0 0 0
145 95.0185 4.61255 0.369004 0 0 0 0
146 93.2258 6.66667 0.107527 0 0 0 0
147 90.0236 9.74077 0.235664 0 0 0 0
148 90.0755 9.87055 0.0539374 0 0 0 0
149 88.9182 10.5541 0.527704 0 0 0 0
150 86.4187 13.4122 0.169062 0 0 0 0
151 84.6656 14.845 0.489396 0 0 0 0
152 80.2273 18.4278 1.26481 0.0800512 0 0 0
153 77.7204 20.9572 1.32242 0 0 0 0
154 73.8512 23.9336 2.1224 0.0927261 0 0 0
155 69.8227 27.22 2.872 0.0852224 0 0 0
156 64.4334 31.3125 4.12066 0.133403 0 0 0
157 59.6097 35.3878 4.75543 0.247036 0 0 0
158 54.6053 37.6425 7.29715 0.438596 0.0164474 0 0
159 50.5464 39.9221 9.0003 0.526156 0.00505919 0 0
160 44.8269 43.3716 10.9712 0.830301 0 0 0
161 39.6861 44.8602 14.1751 1.25289 0.0256564 0 0
162 34.1775 46.6617 17.4107 1.71065 0.039507 0 0
163 29.6289 46.5205 21.2489 2.48882 0.112786 0 0
164 24.1221 47.2138 24.9742 3.5331 0.153303 0.00356519 0
165 19.9896 46.1261 28.6764 4.96535 0.239085 0.003465 0
166 16.6327 43.9622 32.2806 6.79163 0.319207 0.0101874 0.00339582
167 13.606 40.3034 36.9286 8.53381 0.601443 0.0267308 0
168 10.001 37.5188 39.9873 11.4841 1.0021 0.0066807 0
169 7.28686 33.4319 42.8111 15.0885 1.31522 0.0664253 0
170 5.56698 29.1022 44.1975 19.2124 1.86783 0.0530821 0
171 4.54545 24.3483 45.391 22.8676 2.74064 0.106952 0
172 3.01901 20.7052 44.602 27.3712 4.12656 0.175965 0
173 2.04175 17.0521 43.359 31.5063 5.77322 0.26754 0
174 1.64948 13.6235 41.0608 35.8501 7.35976 0.44561 0.0107809
175 1.09238 10.4809 37.7004 40.1667 9.84271 0.71324 0.00375389
176 0.720196 8.19032 35.1249 41.9514 13.0172 0.965369 0.0306466
177 0.544692 6.0935 30.3813 44.9351 16.5289 1.47733 0.0391865
178 0.341859 5.00844 25.2729 46.6329 20.4786 2.16236 0.10297
179 0.293512 3.63166 21.825 46.1778 24.9003 3.07092 0.100758
180 0.167582 2.63476 17.6799 45.8198 29.1034 4.48748 0.107066
181 0.23242 1.71595 15.0677 44.8571 32.5982 5.40006 0.128573
182 0.0829273 1.07806 11.7809 40.8054 38.5768 7.44791 0.22805
183 0.0727884 0.772676 10.0336 38.5666 40.3303 9.86002 0.363942
184 0.0960442 0.642295 7.22732 34.1077 44.5105 12.6718 0.744342
185 0.0131216 0.387088 5.53077 29.5368 48.1433 15.4245 0.96444
186 0.0424809 0.346927 3.90824 25.8567 49.7805 18.7553 1.30983
187 0.0155292 0.209644 3.56394 21.2827 50.1436 22.7502 2.03432
188 0.0086326 0.138122 2.08909 18.4651 48.6792 27.7365 2.88329
189 0.0189484 0.0757935 1.59166 13.6144 47.8351 33.1217 3.7423
190 0 0.106417 1.17059 11.5888 45.8657 36.8841 4.38438
191 0.0241604 0.120802 1.00266 8.32327 42.1841 41.9667 6.37835
192 0 0.040678 1.11186 6.98305 38.3729 45.3153 8.17627
193 0 0.0892591 0.565308 5.51919 33.2193 49.6578 10.9491
194 0 0.017449 0.453673 4.08306 29.9424 51.4221 14.0813
195 0 0.059512 0.277723 3.66991 26.2448 54.4733 15.2747
196 0 0.0233645 0.303738 2.68692 23.1542 53.785 20.0467
197 0 0.0274424 0.192097 1.86608 19.7859 54.9122 23.2162
198 0.0310945 0 0.155473 1.89677 17.2264 53.9179 26.7724
199 0 0 0.151918 1.40524 12.2674 52.8295 33.346
200 0 0 0.0452694 1.26754 10.8646 51.3354 36.4871
201 0 0 0.144161 0.672753 9.08217 48.9188 41.1821
202 0 0 0.0613121 0.122624 6.19252 46.9651 46.6585
203 0 0 0.136986 1.43836 4.58904 44.2466 49.589
204 0 0 0.0892061 0.356824 4.54951 40.0535 54.9509
205 0 0 0.112613 0 5.40541 34.2342 60.2477
206 0 0 0 0.413793 6.06897 31.5862 61.931
207 0 0 0.166113 0.166113 3.48837 28.7375 67.4419
208 0 0 0 0 2.8169 32.5956 64.5875
209 0 0 0.287356 0 1.14943 24.1379 74.4253
210 0 0 0 0 3.13725 20.7843 76.0784
211 0 0 0 0 1.55039 17.0543 81.3953
212 0 0 0 0 0 20.1258 79.8742
213 0 0 0 0 1.81818 16.3636 81.8182
214 0 0 0 0 1.81818 14.5455 83.6364
215 0 0 0 0 2.40964 7.22892 90.3614
216 0 0 0 0 1.5873 4.7619 93.6508
217 0 0 0 0 2.94118 29.4118 67.6471
218 0 0 0 0 0 3.0303 96.9697
219 0 0 0 0 0 0 100
220 0 0 0 0 0 0 100
221 0 0 0 0 0 25 75
222 0 0 0 0 0 0 100
223 0 0 0 0 0 100 0
224 0 0 0 0 0 0 100
225 0 0 0 0 0 100 0
226 0 0 0 0 0 0 100
228 0 0 0 0 0 0 100
229 0 0 0 0 0 0 100
233 0 0 0 0 0 0 100
240 0 0 0 100 0 0 0
242 0 0 0 0 0 0 100
