# 7 8 9 10 11 12 13
34 100 0 0 0 0 0 0
35 98.6239 1.37615 0 0 0 0 0
36 93.6909 6.23028 0.0788644 0 0 0 0
37 91.0813 8.80314 0.115527 0 0 0 0
38 84.589 14.7335 0.644845 0.0326504 0 0 0
39 75.9435 22.239 1.80588 0.0116009 0 0 0
40 62.7503 32.529 4.55239 0.166113 0.00224477 0 0
41 47.1565 41.7948 10.4061 0.639532 0.0031273 0 0
42 31.5602 46.7907 19.5129 2.08415 0.051977 0 0
43 18.2716 44.2956 31.213 5.96885 0.249785 0.00113025 0
44 8.61334 34.816 41.7203 13.7636 1.06489 0.0219113 0
45 3.57957 22.1511 44.291 26.382 3.48796 0.107253 0.00111722
46 1.442 11.3527 38.5453 38.9681 9.18723 0.502255 0.00244406
47 0.429465 5.46752 26.9788 45.5096 19.8777 1.72194 0.0149497
48 0.248796 2.4992 15.9197 43.1878 32.7673 5.25361 0.123596
49 0.12787 0.987547 8.51809 34.6547 43.3695 11.9253 0.417052
50 0.0454477 0.406504 3.99434 22.2542 48.6366 23.0824 1.58057
51 0.020404 0.139427 1.85336 13.402 44.3413 35.6492 4.5943
52 0.0049434 0.133472 0.954076 7.16298 34.8312 46.9623 9.95106
53 0.014589 0.0729448 0.685681 3.77125 24.5824 51.4917 19.3814
54 0 0.0587544 0.235018 2.22092 16.886 51.1281 29.4712
55 0.0549753 0.0366502 0.164926 1.26443 10.4819 46.1426 41.8545
56 0.0325415 0.130166 0.162707 1.07387 5.69476 39.4403 53.4657
57 0 0 0.0573723 0.688468 4.18818 29.5468 65.5192
58 0 0 0.883838 1.51515 3.91414 28.0303 65.6566
59 0 0 0.234192 0.936768 4.44965 19.2037 75.1756
60 0 0 0.471698 0.471698 2.35849 17.4528 79.2453
61 0 0 1.03093 0 7.21649 13.4021 78.3505
62 0 0 0 0 7.40741 29.6296 62.963
63 0 0 0 0 30 10 60
64 0 0 0 0 0 60 40
65 0 0 0 33.3333 0 0 66.6667
66 0 0 0 0 0 33.3333 66.6667
67 0 0 0 0 0 0 100
69 0 0 0 0 0 0 100
71 0 0 0 0 0 0 100
