# 7 8 9 10 11 12 13
143 100 0 0 0 0 0 0
144 100 0 0 0 0 0 0
145 100 0 0 0 0 0 0
146 100 0 0 0 0 0 0
147 100 0 0 0 0 0 0
148 97.5 2.5 0 0 0 0 0
149 100 0 0 0 0 0 0
150 97.3262 2.6738 0 0 0 0 0
151 94.6565 5.34351 0 0 0 0 0
152 93.2773 6.72269 0 0 0 0 0
153 93.7411 6.25889 0 0 0 0 0
154 92.1681 7.73639 0.095511 0 0 0 0
155 91.3565 8.26498 0.378549 0 0 0 0
156 90.2332 9.63484 0.131984 0 0 0 0
157 87.8009 12.0039 0.195185 0 0 0 0
158 84.8549 14.6025 0.542581 0 0 0 0
159 81.7119 17.3454 0.86727 0.0754148 0 0 0
160 80.4912 18.083 1.39752 0.0282326 0 0 0
161 75.2786 22.931 1.77852 0.0118568 0 0 0
162 72.5896 25.1068 2.21995 0.0835965 0 0 0
163 68.375 28.3145 3.20419 0.106261 0 0 0
164 62.5401 32.7389 4.54328 0.177632 0 0 0
165 58.0235 36.0591 5.6282 0.289244 0 0 0
166 53.8788 38.2022 7.55336 0.360196 0.00537606 0 0
167 47.3093 42.2357 9.673 0.777164 0.00488782 0 0
168 42.6466 44.0613 12.3414 0.941637 0.00909794 0 0
169 37.7384 45.1495 15.8548 1.24074 0.0166542 0 0
170 32.6249 47.0619 18.3069 1.91515 0.0911975 0 0
171 27.8764 47.4392 21.5866 2.98097 0.116827 0 0
172 23.4256 46.3987 26.0736 3.91675 0.18176 0.00356392 0
173 19.0133 45.5451 29.9078 5.29717 0.229544 0.0070629 0
174 15.3569 43.4216 33.7811 7.09072 0.346139 0 0.00342712
175 11.5484 40.9658 36.9479 9.76456 0.745833 0.0274961 0
176 9.43743 36.208 41.3402 12.0206 0.973352 0.02042 0
177 7.03122 32.8473 43.2709 15.4768 1.34008 0.0337553 0
178 5.16189 28.3887 44.6975 19.4814 2.17451 0.0960351 0
179 3.62762 23.5052 45.8485 24.1899 2.74233 0.0864543 0
180 2.58766 20.1908 45.0289 27.8482 4.16139 0.183073 0
181 2.0969 15.466 43.9773 32.4282 5.79434 0.237384 0
182 1.66403 13.124 40.9005 36.0553 7.72532 0.523304 0.00752955
183 0.963663 10.4517 37.6209 39.9558 10.3413 0.662756 0.00380894
184 0.723441 7.90674 33.8838 43.8783 12.5619 1.01832 0.0275222
185 0.472105 6.06347 30.9578 44.4271 16.5565 1.51484 0.00821052
186 0.322334 4.95801 25.4899 46.5349 20.6209 2.01883 0.0551361
187 0.212689 3.65644 21.0381 46.9364 25.043 2.96859 0.144809
188 0.243697 2.69472 18.6662 45.815 28.3204 4.13347 0.126535
189 0.121507 1.49352 14.7732 44.4006 33.5713 5.54374 0.0961928
190 0.205917 1.05126 12.1762 41.7254 37.7479 6.90907 0.184242
191 0.0682672 0.972807 10.0011 39.2081 40.4255 9.02833 0.295824
192 0.0920358 0.662658 7.63897 34.133 44.6006 12.1978 0.674929
193 0.0263262 0.408056 5.96288 30.7885 46.6368 15.4271 0.750296
194 0.0214225 0.407027 4.27735 26.6852 49.0788 18.2519 1.27821
195 0.015824 0.261097 3.04613 22.3356 50.4312 22.2882 1.62196
196 0.0255995 0.170663 2.66234 19.0119 48.4683 27.2037 2.45755
197 0.0284846 0.113938 1.72807 15.6665 47.7877 31.3806 3.29472
198 0.0209556 0.0943001 1.54023 12.1333 47.15 35.0587 4.00251
199 0.0118878 0.0713267 1.35521 10.0095 42.6771 39.729 6.14598
200 0.0266064 0.0532127 1.01104 7.40987 40.6146 43.4349 7.44978
201 0 0.0589188 0.618648 6.37796 35.3218 48.446 9.17661
202 0 0.0514668 0.874936 4.78641 32.1153 49.6312 12.5407
203 0 0.0575264 0.383509 4.00767 27.4784 52.4832 15.5896
204 0 0.0659776 0.329888 3.65076 26.457 52.2322 17.2641
205 0.0251256 0.0251256 0.125628 2.41206 20.9548 55.402 21.0553
206 0 0 0.236686 2.13018 20.7692 53.0769 23.787
207 0 0 0.0684463 2.01916 15.5373 52.3614 30.0137
208 0 0 0.1657 1.20133 13.546 54.3496 30.7374
209 0 0.0460405 0 1.38122 11.5562 49.6777 37.3389
210 0 0 0.108992 0.326975 8.28338 45.9946 45.2861
211 0 0 0.191816 0.703325 6.39386 46.0358 46.6752
212 0 0 0.145985 1.82482 5.32847 44.7445 47.9562
213 0 0 0 0.578035 4.33526 39.9807 55.106
214 0 0 0 0.222469 5.00556 33.5929 61.1791
215 0 0 0.268097 0.134048 4.42359 35.7909 59.3834
216 0 0 0 0.175439 6.84211 30.8772 62.1053
217 0 0 0.212314 0.212314 2.76008 28.8747 67.9406
218 0 0 0 0.246305 3.94089 24.6305 71.1823
219 0 0 0.392157 0 1.56863 26.2745 71.7647
220 0 0 0 0 1.88679 20.7547 77.3585
221 0 0 0 0 0.896861 14.7982 84.3049
222 0 0 0 0 2.52101 22.6891 74.7899
223 0 0 0 0 1.76991 15.0442 83.1858
224 0 0 0 0 1.33333 14.6667 84
225 0 0 0 0 2.53165 8.86076 88.6076
226 0 0 0 0 3.57143 25 71.4286
227 0 0 0 0 0 5.55556 94.4444
228 0 0 0 0 4.7619 4.7619 90.4762
229 0 0 0 0 0 7.69231 92.3077
230 0 0 0 0 0 0 100
231 0 0 0 0 0 0 100
232 0 0 0 0 0 50 50
233 0 0 0 0 0 0 100
234 0 0 0 0 0 27.2727 72.7273
235 0 0 0 0 0 0 100
236 0 0 0 0 0 100 0
237 0 0 0 0 0 0 100
238 0 0 0 0 0 0 100
239 0 0 0 0 0 0 100
241 0 0 0 0 0 0 100
244 0 0 0 0 0 0 100
247 0 0 0 100 0 0 0
254 0 0 0 0 0 0 100
